7 6 1 5
-0.101645 -0.101645 0.197708 0.1725 12 412 2.14102 2.14102 0.199045 0.19809 2 414 0.544338 0.544338 0.199745 0.199491 2 366 -1.7869 -1.7869 0.199908 0.199908 1 374 -0.473969 -0.473969 0.199321 0.197963 3 373 
-0.463374 -0.463374 0.199509 0.196562 7 374 -0.734692 -0.734692 0.197978 0.183824 8 383 0.0748479 0.0748479 0.193956 0.193956 1 356 1.93425 1.93425 0.126666 0.199994 30 385 -1.54208 -1.54208 0.197582 0.183077 7 392 
-1.78062 -1.78062 0.187778 0.0777777 10 414 -1.50873 -1.50873 0.185526 0.171053 2 385 -0.0319734 -0.0319734 0.121429 0.2 28 358 0.330986 0.330986 0.199782 0.19869 6 389 1.66398 1.66398 0.199167 0.198333 2 359 
-0.73007 -0.73007 0.197817 0.193452 3 367 1.43477 1.43477 0.199547 0.197737 5 376 5.52468 5.52468 0.126667 0.199996 30 402 0.176091 0.176093 0.195686 0.178431 5 360 0.666875 0.666875 0.184615 0.184615 1 395 
1.91791 1.91791 0.199501 0.198503 3 384 -1.23772 -1.23772 0.199618 0.199236 2 424 1.97906 1.97906 0.19812 0.188718 6 358 -0.618097 -0.618097 0.198897 0.192281 7 389 -0.416372 -0.416372 0.1875 0.1 8 368 
1.11899 1.11899 0.196605 0.138889 18 403 -0.358233 -0.358233 0.199295 0.194359 8 409 0.144206 0.144206 0.198926 0.195703 4 395 -0.211706 -0.211706 0.199272 0.194907 7 374 -2.66694 -2.66694 0.19994 0.19994 1 396 
-0.712638 -0.712638 0.189 0.189 1 409 -3.34691 -3.34691 0.195238 0.166667 7 366 -1.19623 -1.19623 0.190222 0.0533333 15 365 1.03565 1.03565 0.104348 0.2 23 408 -1.66344 -1.66344 0.199782 0.198254 8 398 

1.0926 1.0926 0.198981 0.193889 6 448 2.56798 2.56798 0.199767 0.19837 7 466 3.95237 3.95237 0.199788 0.198302 8 478 0.374699 0.374699 0.17381 0.17381 1 415 -1.5981 -1.5981 0.199817 0.1989 6 456 -1.21846 -1.21846 0.198878 0.188776 10 458 
1.01986 1.01986 0.197284 0.18642 5 456 -1.91553 -1.91553 0.198825 0.189423 9 436 -1.20656 -1.20656 0.190179 0.180357 2 423 -0.183795 -0.303207 0.199065 0.193452 7 449 5.87943 5.87943 0.199612 0.196508 9 495 0.335436 0.335435 0.19869 0.197381 2 461 
-0.217869 -0.221401 0.186905 0.186905 1 434 -2.12085 -2.12085 0.199785 0.19957 2 442 -0.169056 -0.169056 0.198889 0.194444 5 439 -1.58171 -1.58171 0.197708 0.188542 5 457 4.69059 4.69059 0.199745 0.199236 3 447 0.7961 0.7961 0.198302 0.19321 4 448 
0.858863 0.858864 0.178431 -0.166667 17 463 2.15737 2.15737 0.104348 0.2 23 435 -0.900028 -0.900028 0.197545 0.180357 8 437 1.22563 1.22563 0.19903 0.18836 12 427 0.483706 0.483706 0.196944 0.181667 6 431 1.76287 1.76287 0.198148 0.17963 11 470 
3.97987 3.97987 0.199896 0.199792 2 427 -1.79616 -1.79616 0.199542 0.199542 1 439 0.930371 0.930371 0.199774 0.199321 3 510 -0.420041 -0.420041 0.199563 0.199563 1 443 -1.9838 -1.9838 0.181513 -0.114286 17 454 -1.34098 -1.34098 0.199151 0.199151 1 436 

